0 0.440645 0.984090 0.030133 0.031819
0 0.418621 0.948743 0.031086 0.039986
0 0.414820 0.986625 0.027922 0.026750
0 0.405328 0.647319 0.037391 0.088500
0 0.500078 0.598903 0.039297 0.045639
0 0.549973 0.556625 0.030773 0.070472
0 0.526047 0.530986 0.024109 0.077806
0 0.485961 0.530993 0.042172 0.075542
0 0.516715 0.292972 0.023133 0.045694
0 0.540148 0.123125 0.026328 0.059778
0 0.561063 0.062563 0.031406 0.065958
0 0.540004 0.083431 0.024086 0.062528
0 0.518297 0.083431 0.028203 0.054639
0 0.315355 0.127549 0.027273 0.048431
0 0.244738 0.656438 0.025195 0.051125
0 0.156707 0.972340 0.040742 0.054958
